7
5 5
3
1 2 0.21
1 3 0.01
2 3 0.89
16
5 7 0.61
5 11 0.12
6 8 0.22
7 9 0.62
8 11 0.46
9 10 0.47
8 9 0.74
10 11 0.36
6 10 0.87
6 11 0.45
9 11 0.72
6 7 0.28
8 10 0.09
6 9 0.03
5 8 0.03
7 11 0.30
2
13 15 0.55
14 15 0.20
9
16 22 0.80
16 20 0.35
20 21 0.28
17 22 0.18
19 22 0.20
18 23 0.70
19 23 0.41
18 20 0.68
17 23 0.52
15
28 29 0.43
27 30 0.90
27 29 0.11
25 29 0.56
25 27 0.45
24 26 0.76
27 28 0.34
24 30 0.78
26 27 0.53
25 30 0.17
24 25 0.40
26 29 0.12
24 27 0.26
25 26 0.33
28 30 0.44
13
32 35 0.33
31 32 0.26
31 35 0.65
33 35 0.49
32 33 0.69
32 34 0.02
31 36 0.49
31 34 0.39
34 36 0.62
34 35 0.13
35 36 0.91
32 36 0.69
33 36 0.39
5
38 39 0.98
39 40 0.40
37 38 0.29
37 40 0.20
38 40 0.78
